x,y,time
765,667,25
552,553,91
474,478,137
453,450,175
440,429,242
447,439,269
465,461,308
494,494,336
537,533,363
664,618,422
745,651,461
835,671,495
927,678,530
1018,669,564
1102,647,596
1178,616,630
1240,577,665
1288,539,719
1324,504,805
1361,457,879
1358,457,919
1314,503,947
1275,539,975
1221,578,1023
1072,646,1117
983,665,1167
802,659,1213
648,606,1239
589,570,1262
540,535,1301
503,502,1337
479,475,1366
460,453,1435
481,473,1511
547,533,1569
598,570,1595
662,603,1632
737,633,1664
821,654,1695
907,661,1727
992,655,1761
1073,640,1799
1143,616,1835
1204,584,1864
1254,553,1905
1290,525,1929
1316,501,1963
1330,486,2007
1335,480,2038
1315,499,2141
1290,522,2197
1201,583,2246
1065,639,2302
987,653,2324
904,657,2347
825,650,2392
686,607,2500
584,550,2550
525,502,2580
512,489,2622
515,490,2695
531,505,2740
596,554,2803
707,611,2835
777,634,2870
850,647,2895
1004,644,2956
1074,628,2990
1138,605,3021
1192,578,3096
1269,526,3193
1306,492,3264
1298,500,3288
1253,534,3334
1211,559,3365
1158,583,3412
1097,606,3459
1027,621,3525
882,626,3577
747,598,3627
643,552,3675
577,509,3749
551,489,3799
552,491,3839
563,499,3864
584,515,3901
615,536,3938
657,559,3975
709,584,4003
768,604,4037
834,619,4068
972,625,4130
1039,615,4167
1155,581,4236
1199,559,4261
1235,539,4306
1274,513,4385
1275,512,4440
1261,522,4481
1158,579,4568
1042,613,4646
977,621,4697
